xsrc=259
ysrc=47
zsrc=51
modellon=172.29999979889402
modellat=-43.59999583292219
modelrot=0.0
